-0.313185 10.6827 0 
10.9001 1.61923 1 
-2.86791 9.20204 0 
7.13209 -0.797964 1 
1.07546 16.7773 0 
3.19302 10.4778 0 
11.0755 6.77729 1 
3.54519 10.1242 0 
0.900135 11.6192 0 
12.5311 -2.12926 1 
1.45 13.3007 0 
4.4541 10.0225 0 
-4.19838 12.3069 0 
9.79664 3.11203 1 
11.45 3.30066 1 
11.016 0.112175 1 
-0.203357 13.112 0 
13.7799 4.91749 1 
3.77993 14.9175 0 
13.193 0.477757 1 
13.5452 0.124175 1 
5.80162 2.30687 1 
14.6652 0.520042 1 
2.53111 7.87074 0 
1.01598 10.1122 0 
14.4541 0.0224994 1 
4.66524 10.52 0 
9.68682 0.682687 1 
